site	point	h	rank	hola	vesp	star	weme	lbcu	brbl	tres	mobl	amcr	savs	mayvgcov	mayvght	junvgcov	junvght	baregrnd	bryopht	feces	forbs	grass	litter	rocks	shrubs	trees
B_E	B_E10	0.87	2	6.727	1.727	0	0	0	0	0.091	0	0	0	21.3	5.5	21.4	6.6	52.33	11.38	1.9	18.44	26.44	5.06	1.29	0.04	0
B_E	B_E11	0.87	2	2.545	2.818	0.091	0.091	0	0.091	0.818	0.364	0.091	0	18.5	5.6	30.9	9.3	52.33	11.38	1.9	18.44	26.44	5.06	1.29	0.04	0
B_E	B_E12	0.87	2	12.364	1.727	0	0	0	0	0.364	0	0	0.182	18.6	4.7	24.3	6.9	52.33	11.38	1.9	18.44	26.44	5.06	1.29	0.04	0
B_E	B_E13	0.87	2	6.455	1.727	0.091	0	0	0.273	0.091	0.182	0	1.364	18.9	6.7	30.2	9.9	52.33	11.38	1.9	18.44	26.44	5.06	1.29	0.04	0
B_E	B_E14	0.87	2	2.091	3.455	0.273	0	0	0.636	3.364	0	0	0.273	33.9	7.9	36.8	8.4	52.33	11.38	1.9	18.44	26.44	5.06	1.29	0.04	0
B_E	B_E15	0.87	2	3.273	2.182	0	0	0	0	0.182	0	0.182	0	20.7	5.1	31.4	8.1	52.33	11.38	1.9	18.44	26.44	5.06	1.29	0.04	0
B_E	B_E16	0.87	2	2.909	3.545	0	0	0	0	0.182	0.182	0	0	21.5	5.7	26.3	7.1	52.33	11.38	1.9	18.44	26.44	5.06	1.29	0.04	0
B_E	B_E17	0.87	2	3.182	3.182	0	0.091	0	0	0	0	0.273	0.182	24	6.7	34	9.8	52.33	11.38	1.9	18.44	26.44	5.06	1.29	0.04	0
B_E	B_E18	0.87	2	5.727	2	0	0	0	0	0.091	0.182	0	0.091	22.2	5.9	30.2	8.7	52.33	11.38	1.9	18.44	26.44	5.06	1.29	0.04	0
B_E	B_E19	0.87	2	5.091	3.182	0.182	0	0	0	0	0	0	0.818	19.8	5.7	35.5	9	52.33	11.38	1.9	18.44	26.44	5.06	1.29	0.04	0
B_E	B_E20	0.87	2	2.091	4.091	0	0	0	0	0	0.182	0.091	0.818	20.5	5.2	38	10.7	52.33	11.38	1.9	18.44	26.44	5.06	1.29	0.04	0
B_E	B_E21	0.87	2	0.091	3.364	0	0.636	0	0	0.091	0	0	0.364	24.7	6.9	48.6	11.9	52.33	11.38	1.9	18.44	26.44	5.06	1.29	0.04	0
B_E	B_E7	0.87	2	1.273	3	0	0	0	0	1.091	0.909	0	0.182	20.2	5.4	24.4	7.9	52.33	11.38	1.9	18.44	26.44	5.06	1.29	0.04	0
B_E	B_E8	0.87	2	0.455	3.455	0.636	0.091	0	0.091	0.091	2.73	0.091	0.455	26.1	7.5	32.7	9.9	52.33	11.38	1.9	18.44	26.44	5.06	1.29	0.04	0
B_E	B_E9	0.87	2	2.727	2.909	0	0	0	0	0.273	0.455	0	0	17.8	5.1	19.5	7.3	52.33	11.38	1.9	18.44	26.44	5.06	1.29	0.04	0
B_W	B_W1	1.38	3	0.273	4.182	0.091	0.091	0.091	0.091	0.455	0.182	0	0.455	55.9	12.7	61.3	22.4	46.58	17	3.33	17	29.71	8.04	2.63	0.04	0
B_W	B_W2	1.38	3	0.091	3.909	1.273	0.091	0	0	0.455	0.273	0	1.182	35	9.4	41.9	12	46.58	17	3.33	17	29.71	8.04	2.63	0.04	0
B_W	B_W3	1.38	3	0	3.909	3.273	0.455	0.091	0	0.455	0.636	0.182	1.364	25.9	7.2	39.6	12.2	46.58	17	3.33	17	29.71	8.04	2.63	0.04	0
B_W	B_W4	1.38	3	2.364	3.545	0.636	0.273	0	0	0	0	0	0.182	38.2	9.4	46.6	11.3	46.58	17	3.33	17	29.71	8.04	2.63	0.04	0
B_W	B_W5	1.38	3	4.636	2.909	0.909	1.182	0.091	0	0.182	0.455	0	1.545	26	7.5	36.6	10.9	46.58	17	3.33	17	29.71	8.04	2.63	0.04	0
B_W	B_W6	1.38	3	2.909	3.455	0.091	0.455	0	0	0.273	0	0.091	0.364	33.5	8.4	37.9	9.1	46.58	17	3.33	17	29.71	8.04	2.63	0.04	0
C	C1	1	2	0.636	1.818	0	0.091	0.091	0	1.909	1.909	0	0	40.9	10.9	51.8	16.4	8.71	3.88	0.25	14.79	52.92	38.88	1.04	0	0.04
C	C2	1	2	0.091	2.364	0	0.182	0	0.091	0.182	0	0	0	50.1	13.2	53.6	17	8.71	3.88	0.25	14.79	52.92	38.88	1.04	0	0.04
C	C3	1	2	0.636	2.455	0	0	0	0	0	0.182	0	0	51.2	14.2	54.8	17.6	8.71	3.88	0.25	14.79	52.92	38.88	1.04	0	0.04
C	C4	1	2	0.091	2.636	1.818	0.455	0.091	0	1.182	1.091	0	0	49.8	12	55	18.7	8.71	3.88	0.25	14.79	52.92	38.88	1.04	0	0.04
C	C5	1	2	0.727	2.091	0.091	0	0.091	0	0.091	0.636	0	0	43.1	11.3	50.2	15.8	8.71	3.88	0.25	14.79	52.92	38.88	1.04	0	0.04
D	D1	0.92	2	0.7	2.2	0.1	3.5	0.2	0.4	0	0	0	0	34.7	8.1	31.1	10	46.6	9.77	1.98	14.1	31.42	5.38	0.77	2.02	0
D	D10	0.92	2	0	2.9	0.3	2.9	0	0.5	0.1	0	0	0	23.4	5.4	43	14.3	46.6	9.77	1.98	14.1	31.42	5.38	0.77	2.02	0
D	D11	0.92	2	0.2	2.4	0	1.3	0.1	0.7	0	0	0	0	43.1	20.8	52.5	22	46.6	9.77	1.98	14.1	31.42	5.38	0.77	2.02	0
D	D12	0.92	2	0	1.2	0	1.2	0	0	0	0	0.4	0	15.7	6.2	42	11.8	46.6	9.77	1.98	14.1	31.42	5.38	0.77	2.02	0
D	D13	0.92	2	0.1	1.3	0.2	1.1	0	0.1	0	0	0	0	7.3	3.2	37	12.6	46.6	9.77	1.98	14.1	31.42	5.38	0.77	2.02	0
D	D14	0.92	2	0	1.3	0.1	2.2	0.8	0.1	0.1	0	0.4	0	9.4	4.6	64.2	33.4	46.6	9.77	1.98	14.1	31.42	5.38	0.77	2.02	0
D	D15	0.92	2	0	2.9	0.2	1.4	0.1	0.5	0	0	0.1	0	11.8	4.6	44.1	16.4	46.6	9.77	1.98	14.1	31.42	5.38	0.77	2.02	0
D	D2	0.92	2	0	1.1	0.5	2	0	5.3	0	0	0	0	37.8	9.6	58.6	17.7	46.6	9.77	1.98	14.1	31.42	5.38	0.77	2.02	0
D	D3	0.92	2	0.4	4.6	0.1	2.7	0	0.8	0.1	0	0	0	34.8	9.5	46.1	14.8	46.6	9.77	1.98	14.1	31.42	5.38	0.77	2.02	0
D	D4	0.92	2	0.2	3.2	0	2.5	0	0.2	0	0	0	0	28.8	7.6	35	10.5	46.6	9.77	1.98	14.1	31.42	5.38	0.77	2.02	0
D	D5	0.92	2	0	3.8	0.1	1.2	0	0	0	0	0	0	42.6	10	48.1	14	46.6	9.77	1.98	14.1	31.42	5.38	0.77	2.02	0
D	D6	0.92	2	0.1	1.8	0.1	2.9	0.4	1.2	0	0	0	0	21.8	5.2	27.9	7.9	46.6	9.77	1.98	14.1	31.42	5.38	0.77	2.02	0
D	D7	0.92	2	0.2	2	0	3.8	0	4.6	0	0	0	0.1	34.4	10.1	38.6	13.7	46.6	9.77	1.98	14.1	31.42	5.38	0.77	2.02	0
D	D8	0.92	2	0.4	2.1	0	2.5	0.1	4.3	0	0	0	0	28	8.8	41.3	13.1	46.6	9.77	1.98	14.1	31.42	5.38	0.77	2.02	0
D	D9	0.92	2	0	2.5	0.2	3.8	0.2	1.4	0	0	0	0	14.2	5.3	39	13.4	46.6	9.77	1.98	14.1	31.42	5.38	0.77	2.02	0
J	J1	0.97	2	0.545	3.909	0.455	1.364	0.182	0.545	0	0	0	0	58.4	15.7	56.6	17.4	38.58	9.46	0.92	4.83	51.21	9.08	0.25	0	0
J	J10	0.97	2	0.273	2.818	0.091	0.919	0.727	0	0	0	0	0	42.6	10.2	59.2	15.2	38.58	9.46	0.92	4.83	51.21	9.08	0.25	0	0
J	J11	0.97	2	1.091	2.091	0	0.919	0.455	0	0	0	0	0	56.9	11.1	58.2	14.4	38.58	9.46	0.92	4.83	51.21	9.08	0.25	0	0
J	J12	0.97	2	1.182	2.818	0.273	1.364	0.091	0	0	0	0	0	52.2	12.8	56.8	16.4	38.58	9.46	0.92	4.83	51.21	9.08	0.25	0	0
J	J13	0.97	2	2.545	1.273	0.091	1.091	0.091	0	0	0.364	0	0	51.3	15.7	62.9	20.3	38.58	9.46	0.92	4.83	51.21	9.08	0.25	0	0
J	J14	0.97	2	0.091	3.182	0.182	0.455	0	0	0.091	0.364	0	0	28.6	8.2	39.7	11.3	38.58	9.46	0.92	4.83	51.21	9.08	0.25	0	0
J	J15	0.97	2	1.909	2.727	0	0	0.091	0	0	0	0	0	34.4	10	41.7	11.2	38.58	9.46	0.92	4.83	51.21	9.08	0.25	0	0
J	J2	0.97	2	0.545	3.364	1.091	2.727	0.273	0	0	0	0	0	50.9	14.1	54.7	16.6	38.58	9.46	0.92	4.83	51.21	9.08	0.25	0	0
J	J3	0.97	2	0.091	1.727	0.455	1.818	0.273	0.182	0	0	0	0	41.9	9.8	49.5	13.4	38.58	9.46	0.92	4.83	51.21	9.08	0.25	0	0
J	J4	0.97	2	0	2.091	0.636	1.727	0.182	0	0	0.091	0.091	0	54.7	13.5	49.7	13.9	38.58	9.46	0.92	4.83	51.21	9.08	0.25	0	0
J	J5	0.97	2	0.091	3	1.364	2.364	0	0	0	0.091	0	0	36.1	9.7	56.7	17.6	38.58	9.46	0.92	4.83	51.21	9.08	0.25	0	0
J	J6	0.97	2	1.182	1.818	1.364	1.182	0.091	0.273	0.364	0	0	0	30.5	9.7	52.1	14	38.58	9.46	0.92	4.83	51.21	9.08	0.25	0	0
J	J7	0.97	2	0.455	2.182	1.182	1.636	0.636	0	0.545	0.182	0	0	36.7	9.7	63.9	18.7	38.58	9.46	0.92	4.83	51.21	9.08	0.25	0	0
J	J8	0.97	2	1.364	2.182	0.091	2.545	0.818	0.273	0.091	0	0	0	54	14.8	65.5	20.2	38.58	9.46	0.92	4.83	51.21	9.08	0.25	0	0
J	J9	0.97	2	5.182	5.182	0.091	0.919	0.545	0	0	0.273	0	0	66.4	17.8	74.9	17.8	38.58	9.46	0.92	4.83	51.21	9.08	0.25	0	0
M_NE	M_NE16	0.76	1	8.364	1.182	0.091	0	0.273	0.091	0.818	0.909	0	0	12.1	5	21.1	6.6	39.88	13.21	5.63	20.58	44.88	6.42	1.58	0.04	0
M_NE	M_NE17	0.76	1	9.909	0.182	0	0	0.364	0	0.182	0.273	0	0	9.4	4	22.7	7.3	39.88	13.21	5.63	20.58	44.88	6.42	1.58	0.04	0
M_NE	M_NE18	0.76	1	10.818	0.273	0.727	0	0.273	0	0.091	0.091	0	0	13.1	4.8	21.9	7.4	39.88	13.21	5.63	20.58	44.88	6.42	1.58	0.04	0
M_NE	M_NE19	0.76	1	12.091	0.545	0.818	0	0.455	0	0	0.091	0	0	11	4.6	25.9	7.9	39.88	13.21	5.63	20.58	44.88	6.42	1.58	0.04	0
M_NE	M_NE20	0.76	1	3.545	1.364	0.545	0	0.455	0	0	0.364	0.364	0	15.8	5.6	31.6	10.2	39.88	13.21	5.63	20.58	44.88	6.42	1.58	0.04	0
M_NE	M_NE21	0.76	1	2.818	1.455	1.636	0	0.364	0	0.091	0.364	0	0	16.9	5.4	26.9	9.3	39.88	13.21	5.63	20.58	44.88	6.42	1.58	0.04	0
M_NE	M_NE22	0.76	1	3.091	1.364	0.364	0	0.909	0	0.091	0.818	0	0	15.3	6.8	31.4	10.6	39.88	13.21	5.63	20.58	44.88	6.42	1.58	0.04	0
M_NE	M_NE23	0.76	1	4	1.455	0.727	0	0.273	0	0.091	1.273	0	0	12.2	5.4	25	9	39.88	13.21	5.63	20.58	44.88	6.42	1.58	0.04	0
M_NE	M_NE24	0.76	1	0.727	2.636	1.364	0.091	0.091	0	0.182	0.273	0.091	0	12.4	5.6	29.3	10.2	39.88	13.21	5.63	20.58	44.88	6.42	1.58	0.04	0
M_NE	M_NE25	0.76	1	0.818	1.091	1.091	0.091	0.273	0	0.545	0.545	0.091	0	15.6	6.2	40.1	12.4	39.88	13.21	5.63	20.58	44.88	6.42	1.58	0.04	0
M_NE	M_NE26	0.76	1	0.909	1.091	0.545	0.091	1.182	0.091	0.091	0.545	0.455	0	19	6.5	35.5	11.1	39.88	13.21	5.63	20.58	44.88	6.42	1.58	0.04	0
M_NE	M_NE27	0.76	1	2	0.455	2	0.091	0.818	0	0	0.091	0	0	23.8	7.6	45.2	13.1	39.88	13.21	5.63	20.58	44.88	6.42	1.58	0.04	0
M_NE	M_NE28	0.76	1	6.727	2.455	2.545	0	1	0	0.182	0.182	0	0	15.78	5.67	28.55	9.36	39.88	13.21	5.63	20.58	44.88	6.42	1.58	0.04	0
M_NW	M_NW1	0.75	1	3.182	1.364	0	0.182	0.273	0	0.909	0.818	0.091	0	17.7	5.4	23.6	7.1	45.13	15.5	4.33	13.54	40.92	10.58	0.96	0.29	0
M_NW	M_NW10	0.75	1	7.636	0.091	0	0	0.091	0	0	0	0.455	0	14.8	4.2	24	7.7	45.13	15.5	4.33	13.54	40.92	10.58	0.96	0.29	0
M_NW	M_NW11	0.75	1	6.818	0.909	0.182	0	0.273	0	0	0.273	0.091	0	13.1	5.1	20.8	8	45.13	15.5	4.33	13.54	40.92	10.58	0.96	0.29	0
M_NW	M_NW12	0.75	1	2.545	2.818	0.545	0	0.364	0	0	0.364	0	0	14.7	4.8	21.2	8.6	45.13	15.5	4.33	13.54	40.92	10.58	0.96	0.29	0
M_NW	M_NW13	0.75	1	1.364	1.364	0	0	1.182	0	0.273	0.818	0.091	0	11.7	4.1	17.4	5.9	45.13	15.5	4.33	13.54	40.92	10.58	0.96	0.29	0
M_NW	M_NW14	0.75	1	3.091	0.182	0	0	1.273	0	0.091	0	0.455	0	18.2	5.7	22.4	6.9	45.13	15.5	4.33	13.54	40.92	10.58	0.96	0.29	0
M_NW	M_NW15	0.75	1	0.909	2.364	0	0	0.909	0	0.455	0.636	1.182	0	15.7	5	25.1	7.9	45.13	15.5	4.33	13.54	40.92	10.58	0.96	0.29	0
M_NW	M_NW2	0.75	1	5.182	0.545	1.727	0	1.273	0	0.091	0.182	1	0	13.5	4.2	20.2	8.2	45.13	15.5	4.33	13.54	40.92	10.58	0.96	0.29	0
M_NW	M_NW3	0.75	1	5.364	0.818	0	0	1.182	0.182	0.091	0	0.091	0	11.9	4.4	19.8	7	45.13	15.5	4.33	13.54	40.92	10.58	0.96	0.29	0
M_NW	M_NW4	0.75	1	4.818	1	0	0	1.091	0	0	0	0.091	0	11.7	3.9	19.6	7.2	45.13	15.5	4.33	13.54	40.92	10.58	0.96	0.29	0
M_NW	M_NW5	0.75	1	7.273	1.091	0	0	0.909	0	0.091	0.364	0.182	0	9.6	3.3	20.4	7	45.13	15.5	4.33	13.54	40.92	10.58	0.96	0.29	0
M_NW	M_NW6	0.75	1	3.818	1.909	0.091	0	0.273	0	0.636	0.364	0	0	12.2	4.4	18.9	7.1	45.13	15.5	4.33	13.54	40.92	10.58	0.96	0.29	0
M_NW	M_NW7	0.75	1	5.182	1.727	0.455	0.091	0.273	0.091	0.091	0.182	0.091	0	12.7	4.2	21.9	8.2	45.13	15.5	4.33	13.54	40.92	10.58	0.96	0.29	0
M_NW	M_NW8	0.75	1	0.545	2.455	0	0.091	0.273	0	0.909	1.364	0	0	19.4	5.7	28.5	9.9	45.13	15.5	4.33	13.54	40.92	10.58	0.96	0.29	0
M_NW	M_NW9	0.75	1	2	1.545	1.273	0	0.182	0	0.455	1.545	0.182	0.182	12.9	3.8	27.2	8	45.13	15.5	4.33	13.54	40.92	10.58	0.96	0.29	0
M_SE	M_SE29	0.75	1	2.273	2.273	0.182	0.364	0.182	0	0	0.455	0.273	0	35.3	8.7	47.8	14.1	16.13	6.75	2.67	16.42	63.25	13.92	0.25	0	0
M_SE	M_SE30	0.75	1	5.818	0.818	0.364	0.636	0.182	0	0.182	0.091	0	0	27.2	7.5	40.1	11.8	16.13	6.75	2.67	16.42	63.25	13.92	0.25	0	0
M_SE	M_SE31	0.75	1	7	0.545	0	0	0.273	0	0.182	0.182	0	0	22.9	6.5	21.8	8.6	16.13	6.75	2.67	16.42	63.25	13.92	0.25	0	0
M_SE	M_SE32	0.75	1	4.455	1.182	0.091	0.091	0.364	0	0.273	0	0	0	18.4	5.4	34.7	11.2	16.13	6.75	2.67	16.42	63.25	13.92	0.25	0	0
M_SE	M_SE33	0.75	1	1.455	2.636	0.091	1.091	1.091	0	0.273	0	0.909	0	34.1	8.8	60	18.3	16.13	6.75	2.67	16.42	63.25	13.92	0.25	0	0
M_SE	M_SE34	0.75	1	8.636	0.818	1.364	0.273	0.273	0	0	0	1.545	0	28.3	8	51	17.3	16.13	6.75	2.67	16.42	63.25	13.92	0.25	0	0
M_SE	M_SE35	0.75	1	4.545	1.545	0.273	0.545	0.273	0	0	0.091	0.091	0	36.6	8.8	50.2	15.9	16.13	6.75	2.67	16.42	63.25	13.92	0.25	0	0
S_N	S_N1	0.78	1	0.273	4.273	0	0.364	0.364	0.091	0	0.091	0	0	37.4	6.7	67.6	37.6	48.58	3.17	1.46	23.29	23.83	7.42	0.83	0.46	0
S_N	S_N10	0.78	1	1.515	2.455	1	0.182	0	1.818	0	0.091	0	0	16.9	4.8	24.3	7.7	48.58	3.17	1.46	23.29	23.83	7.42	0.83	0.46	0
S_N	S_N11	0.78	1	1.727	3.364	4.182	0.636	0	0.818	0.182	0.727	0	0	25	6.5	28.1	7.1	48.58	3.17	1.46	23.29	23.83	7.42	0.83	0.46	0
S_N	S_N12	0.78	1	6.636	2.364	0	0	0.091	0	0	0.091	0	0	24.7	7.3	37.7	10	48.58	3.17	1.46	23.29	23.83	7.42	0.83	0.46	0
S_N	S_N13	0.78	1	1.455	3.455	0.182	0.091	0	0	0	0.545	0	0	44.8	10.3	49.3	10.8	48.58	3.17	1.46	23.29	23.83	7.42	0.83	0.46	0
S_N	S_N2	0.78	1	0.363	2.818	0	1.545	0.636	0	0	0	0	0	34.6	9	41.4	16.6	48.58	3.17	1.46	23.29	23.83	7.42	0.83	0.46	0
S_N	S_N3	0.78	1	0.727	3.091	0	0.727	1.545	0	0	0	0	0	28.3	7.2	32.9	11.6	48.58	3.17	1.46	23.29	23.83	7.42	0.83	0.46	0
S_N	S_N4	0.78	1	1.273	3	0	0.636	0.818	0	0	0	0	0	27.3	7.7	36.2	8.3	48.58	3.17	1.46	23.29	23.83	7.42	0.83	0.46	0
S_N	S_N5	0.78	1	2.909	2.545	0.273	0.636	0.091	0.182	0	0	0	0	33.4	7.4	30.4	9.5	48.58	3.17	1.46	23.29	23.83	7.42	0.83	0.46	0
S_N	S_N6	0.78	1	7.455	2.636	0.182	0	0	0	0	0	0	0	24.1	6.5	28.6	7.3	48.58	3.17	1.46	23.29	23.83	7.42	0.83	0.46	0
S_N	S_N7	0.78	1	7.909	2.091	0.091	0.091	0.091	0.091	0	0	0	0	18.8	6.1	20.1	5.5	48.58	3.17	1.46	23.29	23.83	7.42	0.83	0.46	0
S_N	S_N8	0.78	1	5.545	3.364	0.909	0.364	0.364	2.273	0	0	0	0	23.2	5.7	35	10.6	48.58	3.17	1.46	23.29	23.83	7.42	0.83	0.46	0
S_N	S_N9	0.78	1	2.909	3	0.455	0.091	0.182	0.182	0.091	0	0	0	22.7	6.2	28.9	9.7	48.58	3.17	1.46	23.29	23.83	7.42	0.83	0.46	0
S_SE	S_SE21	0.91	2	1.091	3.364	2.273	0.273	0	0	0	0.091	0	0	41.3	10.7	56.1	14.7	39.67	6.83	1.94	21.98	29.65	6.83	1.17	0.63	0
S_SE	S_SE22	0.91	2	0.909	4.273	2.545	1.273	0	0	0	0.091	0	0	37.3	9.6	58.3	14.8	39.67	6.83	1.94	21.98	29.65	6.83	1.17	0.63	0
S_SE	S_SE23	0.91	2	1	3.455	0	0.636	0	0	0	0	0	0	46.7	11.8	58.9	18.4	39.67	6.83	1.94	21.98	29.65	6.83	1.17	0.63	0
S_SE	S_SE24	0.91	2	0.091	3.545	0.364	1.182	0	0	0	0.091	0	0	28.9	8.1	63.1	19.7	39.67	6.83	1.94	21.98	29.65	6.83	1.17	0.63	0
S_SW	S_SW14	0.71	1	0.455	2.545	0	0.091	0	0	0	0.091	0	0	22.9	6.4	29.8	8.8	45.42	12.42	1.54	17.54	33.71	6.25	0.04	0.04	0
S_SW	S_SW15	0.71	1	0.091	4.545	0	0	0.364	0.364	0	0.182	0.182	0	30.9	8	48	13.9	45.42	12.42	1.54	17.54	33.71	6.25	0.04	0.04	0
S_SW	S_SW16	0.71	1	0	1.909	0.182	0.091	0.727	0.182	0.091	0.091	0.273	0	21.7	7.1	41.6	12	45.42	12.42	1.54	17.54	33.71	6.25	0.04	0.04	0
S_SW	S_SW17	0.71	1	3.364	2.727	0.091	0	1.182	0	0.091	0.182	0.182	0	14.9	6.3	20.8	7.6	45.42	12.42	1.54	17.54	33.71	6.25	0.04	0.04	0
S_SW	S_SW18	0.71	1	4.182	1.545	0	0.091	1.455	0	0	0	0.455	0	19.3	7.4	26.2	8.7	45.42	12.42	1.54	17.54	33.71	6.25	0.04	0.04	0
S_SW	S_SW19	0.71	1	5.091	2.545	0.091	0	1	0	0.091	0.091	0.182	0	14.4	6.1	28.3	6.8	45.42	12.42	1.54	17.54	33.71	6.25	0.04	0.04	0
S_SW	S_SW20	0.71	1	5.364	1.727	0.182	0.091	0.636	0	0	0	0	0	16.4	6	23.5	7.1	45.42	12.42	1.54	17.54	33.71	6.25	0.04	0.04	0
S_SW	S_SW25	0.71	1	3.455	3.545	0	0.091	0.455	0	0.182	0.909	0	0	25.4	7.1	37.8	12	45.42	12.42	1.54	17.54	33.71	6.25	0.04	0.04	0
S_SW	S_SW26	0.71	1	4.818	1.818	0	0	0.636	0	0.091	0	0.091	0	37.3	10.9	36.9	9.9	45.42	12.42	1.54	17.54	33.71	6.25	0.04	0.04	0
S_SW	S_SW27	0.71	1	11.727	2.727	0	0	0.364	0.364	0	0	0	0	38.8	8.4	34.2	8.4	45.42	12.42	1.54	17.54	33.71	6.25	0.04	0.04	0
S_SW	S_SW28	0.71	1	3.091	3	0.273	0.364	0.545	0.091	0.273	0	0	0	39.1	8.7	29.1	10.3	45.42	12.42	1.54	17.54	33.71	6.25	0.04	0.04	0
T_N	T_N16	1.08	3	0.091	2.909	5.364	0	0.636	0.545	0.273	0	0.455	0.545	16.3	5.4	24.6	7.4	58.33	5.52	2.35	12.15	22.04	5.52	3.19	0.27	0
T_N	T_N17	1.08	3	0.636	1.909	2.636	0	0.636	0.182	0.091	0	3.182	0.364	16.3	5.6	26.5	7.8	58.33	5.52	2.35	12.15	22.04	5.52	3.19	0.27	0
T_N	T_N18	1.08	3	0.545	3.364	0	0	0.545	0	0.091	0	0.273	0.364	15.4	5.1	28.7	10.9	58.33	5.52	2.35	12.15	22.04	5.52	3.19	0.27	0
T_N	T_N19	1.08	3	3.182	3	0.909	0	0.364	0	0	0	0.727	0.273	17.1	6.1	42.2	11.6	58.33	5.52	2.35	12.15	22.04	5.52	3.19	0.27	0
T_N	T_N20	1.08	3	0.091	2.182	0	0.182	0.182	0	0	0	0.182	0	17.4	4.7	30.3	10.3	58.33	5.52	2.35	12.15	22.04	5.52	3.19	0.27	0
T_N	T_N21	1.08	3	0.182	1.727	0.364	0.909	0.636	0.182	3	0	0.091	0	19	5.4	21.9	7.6	58.33	5.52	2.35	12.15	22.04	5.52	3.19	0.27	0
T_N	T_N22	1.08	3	0	0.909	2.909	0	2.182	0	0	0	0.545	0	16	4.8	17.6	5.9	58.33	5.52	2.35	12.15	22.04	5.52	3.19	0.27	0
T_N	T_N23	1.08	3	1.091	1.636	1	0	2.455	0	0	0	0.545	0	14.6	5	16.1	4.9	58.33	5.52	2.35	12.15	22.04	5.52	3.19	0.27	0
T_N	T_N24	1.08	3	1.818	0.909	0.909	0.091	0.636	0	0	0.364	0.545	0	12.5	4.9	15.4	5.1	58.33	5.52	2.35	12.15	22.04	5.52	3.19	0.27	0
T_N	T_N25	1.08	3	2	1.182	1.364	0	0.364	0.273	0.273	0.091	0.091	0	16.3	5.3	16.9	6.3	58.33	5.52	2.35	12.15	22.04	5.52	3.19	0.27	0
T_N	T_N26	1.08	3	1	0.636	2.909	0	0.909	0	1	0.091	0.091	0	10.6	4.6	14	5.2	58.33	5.52	2.35	12.15	22.04	5.52	3.19	0.27	0
T_S	T_S1	0.78	1	1.727	1.636	0.909	2	0.545	0.545	0.364	0	0.273	0.091	21.3	6.7	23.5	8.6	47.88	7.04	1.92	8.42	39.58	7.71	1.42	0	0
T_S	T_S10	0.78	1	1.636	1.909	0.455	1.182	0.455	0.818	0.273	0	0.182	0.364	19.1	5.5	29.7	8.9	47.88	7.04	1.92	8.42	39.58	7.71	1.42	0	0
T_S	T_S11	0.78	1	3.455	1.818	1.273	0.455	0.545	0	0.364	0	0.364	0	15.9	5.2	18.3	8	47.88	7.04	1.92	8.42	39.58	7.71	1.42	0	0
T_S	T_S12	0.78	1	1.727	1.545	4.364	0.636	1.091	0.091	0.364	0	0	0.091	8.7	3.9	28.2	7.9	47.88	7.04	1.92	8.42	39.58	7.71	1.42	0	0
T_S	T_S13	0.78	1	2.364	0.545	6.364	0	2.182	0	0	0	0.634	0	16.8	4.2	16.6	5.9	47.88	7.04	1.92	8.42	39.58	7.71	1.42	0	0
T_S	T_S14	0.78	1	5.909	2.364	1	0.091	0.636	0	0	0	0.364	0.091	18.2	6.7	22.9	7.2	47.88	7.04	1.92	8.42	39.58	7.71	1.42	0	0
T_S	T_S15	0.78	1	2.455	1.727	0	0.091	1.545	0	0	0.182	0.091	0	22.5	6.7	32.2	12.2	47.88	7.04	1.92	8.42	39.58	7.71	1.42	0	0
T_S	T_S2	0.78	1	4.455	0.636	0.909	0.455	0.182	1.727	0.182	0	0	0.818	22	6.9	39	12.5	47.88	7.04	1.92	8.42	39.58	7.71	1.42	0	0
T_S	T_S3	0.78	1	5.818	0.545	0.091	0.818	1	0.818	0	0	0.091	0.273	19.5	5.3	31	10.4	47.88	7.04	1.92	8.42	39.58	7.71	1.42	0	0
T_S	T_S4	0.78	1	8.273	1.182	0	0.636	0.364	0.273	0	0	0.364	0.182	22.89	6.56	30.9	10.5	47.88	7.04	1.92	8.42	39.58	7.71	1.42	0	0
T_S	T_S5	0.78	1	10.727	0.909	0	0.182	0.364	0	0	0	0	0.182	17.6	6.7	28.6	9.5	47.88	7.04	1.92	8.42	39.58	7.71	1.42	0	0
T_S	T_S6	0.78	1	8.182	0.545	0	0	0.455	0	0	0	0	0	23.6	6.6	29.5	8.7	47.88	7.04	1.92	8.42	39.58	7.71	1.42	0	0
T_S	T_S7	0.78	1	6.909	0.545	0.091	0.091	1.545	0	0	0	0.182	0	10.1	4.3	21.4	7.8	47.88	7.04	1.92	8.42	39.58	7.71	1.42	0	0
T_S	T_S8	0.78	1	6.455	1.545	0	0.091	0.455	0	0	0	0.091	0.364	8.7	4	13.1	5.2	47.88	7.04	1.92	8.42	39.58	7.71	1.42	0	0
T_S	T_S9	0.78	1	2.455	1.818	0.091	0	0.364	0	0	0	0.182	0.182	22.3	5.7	23.9	6.2	47.88	7.04	1.92	8.42	39.58	7.71	1.42	0	0
